<!DOCTYPE html>

<html>
  <head>
    <meta charset="utf-8" />
    <meta name="viewport" content="width=device-width, initial-scale=1.0" /><meta name="generator" content="Docutils 0.17.1: http://docutils.sourceforge.net/" />

    <title>lets_plot.geom_spoke</title>
    <link rel="stylesheet" type="text/css" href="../../_static/pygments.css" />
    <link rel="stylesheet" type="text/css" href="../../_static/bootstrap-sphinx.css" />
    <link rel="stylesheet" type="text/css" href="../../_static/jupyter-sphinx.css" />
    <link rel="stylesheet" type="text/css" href="../../_static/thebelab.css" />
    <link rel="stylesheet" type="text/css" href="../../_static/panels-bootstrap.5fd3999ee7762ccc51105388f4a9d115.css" />
    <link rel="stylesheet" type="text/css" href="../../_static/panels-main.c949a650a448cc0ae9fd3441c0e17fb0.css" />
    <link rel="stylesheet" type="text/css" href="../../_static/panels-variables.06eb56fa6e07937060861dad626602ad.css" />
    <link rel="stylesheet" type="text/css" href="../../_static/css/custom.css" />
    <link rel="stylesheet" type="text/css" href="../../_static/css/dataframe.css" />
    <script data-url_root="../../" id="documentation_options" src="../../_static/documentation_options.js"></script>
    <script src="../../_static/jquery.js"></script>
    <script src="../../_static/underscore.js"></script>
    <script src="../../_static/doctools.js"></script>
    <script src="../../_static/thebelab-helper.js"></script>
    <script src="https://cdnjs.cloudflare.com/ajax/libs/require.js/2.3.4/require.min.js"></script>
    <script src="https://cdn.jsdelivr.net/npm/@jupyter-widgets/html-manager@^1.0.1/dist/embed-amd.js"></script>
    <script src="../../_static/js/custom.js"></script>
    <script src="../../_static/js/language_data.js"></script>
    <link rel="index" title="Index" href="../../genindex.html" />
    <link rel="search" title="Search" href="../../search.html" />
<meta charset='utf-8'>
<meta http-equiv='X-UA-Compatible' content='IE=edge,chrome=1'>
<meta name='viewport' content='width=device-width, initial-scale=1.0, maximum-scale=1'>
<meta name="apple-mobile-web-app-capable" content="yes">
<script type="text/javascript" src="../../_static/js/jquery-1.12.4.min.js"></script>
<script type="text/javascript" src="../../_static/js/jquery-fix.js"></script>
<script type="text/javascript" src="../../_static/bootstrap-3.4.1/js/bootstrap.min.js"></script>
<script type="text/javascript" src="../../_static/bootstrap-sphinx.js"></script>

  </head><body>

  <div id="navbar" class="navbar navbar-default navbar-fixed-top">
    <div class="container">
      <div class="navbar-header">
        <!-- .btn-navbar is used as the toggle for collapsed navbar content -->
        <button type="button" class="navbar-toggle" data-toggle="collapse" data-target=".nav-collapse">
          <span class="icon-bar"></span>
          <span class="icon-bar"></span>
          <span class="icon-bar"></span>
        </button>
        <a class="navbar-brand" href="../../index.html">
          Lets-Plot</a>
        <span class="navbar-text navbar-version pull-left"><b>4.2.0</b></span>
      </div>

        <div class="collapse navbar-collapse nav-collapse">
          <ul class="nav navbar-nav">
            
                <li><a href="../api.html">API</a></li>
            
            
              <li class="dropdown globaltoc-container">
  <a role="button"
     id="dLabelGlobalToc"
     data-toggle="dropdown"
     data-target="#"
     href="../../index.html">Site <b class="caret"></b></a>
  <ul class="dropdown-menu globaltoc"
      role="menu"
      aria-labelledby="dLabelGlobalToc"><ul>
<li class="toctree-l1"><a class="reference internal" href="../charts.html">Charts</a></li>
<li class="toctree-l1"><a class="reference internal" href="../maps.html">Maps</a></li>
<li class="toctree-l1"><a class="reference internal" href="../geocoding.html">Geocoding</a></li>
<li class="toctree-l1"><a class="reference internal" href="../bistro.html">'bistro' plots</a></li>
<li class="toctree-l1"><a class="reference internal" href="../whats_new.html">What is new</a></li>
</ul>
</ul>
</li>
              
                <li class="dropdown">
  <a role="button"
     id="dLabelLocalToc"
     data-toggle="dropdown"
     data-target="#"
     href="#">Page <b class="caret"></b></a>
  <ul class="dropdown-menu localtoc"
      role="menu"
      aria-labelledby="dLabelLocalToc"><ul>
<li><a class="reference internal" href="#">lets_plot.geom_spoke</a></li>
</ul>
</ul>
</li>
              
            
            
            
            
            
              <li class="hidden-sm"></li>
            
          </ul>

          
            
<form class="navbar-form navbar-right" action="../../search.html" method="get">
 <div class="form-group">
  <input type="text" name="q" class="form-control" placeholder="Search" />
 </div>
  <input type="hidden" name="check_keywords" value="yes" />
  <input type="hidden" name="area" value="default" />
</form>
          
        </div>
    </div>
  </div>

<div class="container">
  <div class="row">
    <div class="body col-md-12 content" role="main">
      
  <section id="lets-plot-geom-spoke">
<h1>lets_plot.geom_spoke<a class="headerlink" href="#lets-plot-geom-spoke" title="Permalink to this headline">¶</a></h1>
<dl class="py function">
<dt class="sig sig-object py" id="lets_plot.geom_spoke">
<span class="sig-prename descclassname"><span class="pre">lets_plot.</span></span><span class="sig-name descname"><span class="pre">geom_spoke</span></span><span class="sig-paren">(</span><em class="sig-param"><span class="n"><span class="pre">mapping</span></span><span class="o"><span class="pre">=</span></span><span class="default_value"><span class="pre">None</span></span></em>, <em class="sig-param"><span class="o"><span class="pre">*</span></span></em>, <em class="sig-param"><span class="n"><span class="pre">data</span></span><span class="o"><span class="pre">=</span></span><span class="default_value"><span class="pre">None</span></span></em>, <em class="sig-param"><span class="n"><span class="pre">position</span></span><span class="o"><span class="pre">=</span></span><span class="default_value"><span class="pre">None</span></span></em>, <em class="sig-param"><span class="n"><span class="pre">show_legend</span></span><span class="o"><span class="pre">=</span></span><span class="default_value"><span class="pre">None</span></span></em>, <em class="sig-param"><span class="n"><span class="pre">sampling</span></span><span class="o"><span class="pre">=</span></span><span class="default_value"><span class="pre">None</span></span></em>, <em class="sig-param"><span class="n"><span class="pre">tooltips</span></span><span class="o"><span class="pre">=</span></span><span class="default_value"><span class="pre">None</span></span></em>, <em class="sig-param"><span class="n"><span class="pre">pivot</span></span><span class="o"><span class="pre">=</span></span><span class="default_value"><span class="pre">None</span></span></em>, <em class="sig-param"><span class="n"><span class="pre">color_by</span></span><span class="o"><span class="pre">=</span></span><span class="default_value"><span class="pre">None</span></span></em>, <em class="sig-param"><span class="o"><span class="pre">**</span></span><span class="n"><span class="pre">other_args</span></span></em><span class="sig-paren">)</span><a class="headerlink" href="#lets_plot.geom_spoke" title="Permalink to this definition">¶</a></dt>
<dd><p>Draw a straight line segment with given length and angle from the starting point.</p>
<dl class="field-list">
<dt class="field-odd">Parameters</dt>
<dd class="field-odd"><dl>
<dt><strong>mapping</strong><span class="classifier"><cite>FeatureSpec</cite></span></dt><dd><p>Set of aesthetic mappings created by <cite>aes()</cite> function.
Aesthetic mappings describe the way that variables in the data are
mapped to plot “aesthetics”.</p>
</dd>
<dt><strong>data</strong><span class="classifier">dict or Pandas or Polars <cite>DataFrame</cite></span></dt><dd><p>The data to be displayed in this layer. If None, the default, the data
is inherited from the plot data as specified in the call to ggplot.</p>
</dd>
<dt><strong>position</strong><span class="classifier">str or <cite>FeatureSpec</cite>, default=’identity’</span></dt><dd><p>Position adjustment, either as a string (‘identity’, ‘stack’, ‘dodge’, …),
or the result of a call to a position adjustment function.</p>
</dd>
<dt><strong>show_legend</strong><span class="classifier">bool, default=True</span></dt><dd><p>False - do not show legend for this layer.</p>
</dd>
<dt><strong>sampling</strong><span class="classifier"><cite>FeatureSpec</cite></span></dt><dd><p>Result of the call to the <cite>sampling_xxx()</cite> function.
To prevent any sampling for this layer pass value “none” (string “none”).</p>
</dd>
<dt><strong>tooltips</strong><span class="classifier"><cite>layer_tooltips</cite></span></dt><dd><p>Result of the call to the <cite>layer_tooltips()</cite> function.
Specify appearance, style and content.</p>
</dd>
<dt><strong>pivot</strong><span class="classifier">{‘tail’, ‘middle’, ‘mid’, ‘tip’}, default=’tail’</span></dt><dd><p>The part of the segment that is anchored to the plane. The segment rotates about this point.</p>
</dd>
<dt><strong>color_by</strong><span class="classifier">{‘fill’, ‘color’, ‘paint_a’, ‘paint_b’, ‘paint_c’}, default=’color’</span></dt><dd><p>Define the color aesthetic for the geometry.</p>
</dd>
<dt><strong>other_args</strong></dt><dd><p>Other arguments passed on to the layer.
These are often aesthetics settings used to set an aesthetic to a fixed value,
like color=’red’, fill=’blue’, size=3 or shape=21.
They may also be parameters to the paired geom/stat.</p>
</dd>
</dl>
</dd>
<dt class="field-even">Returns</dt>
<dd class="field-even"><dl class="simple">
<dt><cite>LayerSpec</cite></dt><dd><p>Geom object specification.</p>
</dd>
</dl>
</dd>
</dl>
<p class="rubric">Notes</p>
<p><cite>geom_spoke()</cite> understands the following aesthetics mappings:</p>
<ul class="simple">
<li><p>x : x-axis value.</p></li>
<li><p>y : y-axis value.</p></li>
<li><p>angle : slope’s angle in radians.</p></li>
<li><p>radius : segment length.</p></li>
<li><p>alpha : transparency level of a layer. Accept values between 0 and 1.</p></li>
<li><p>color (colour) : color of the line. String in the following formats: RGB/RGBA (e.g. “rgb(0, 0, 255)”); HEX (e.g. “#0000FF”); color name (e.g. “red”); role name (“pen”, “paper” or “brush”).</p></li>
<li><p>size : line width.</p></li>
<li><p>linetype : type of the line. Codes and names: 0 = ‘blank’, 1 = ‘solid’, 2 = ‘dashed’, 3 = ‘dotted’, 4 = ‘dotdash’, 5 = ‘longdash’, 6 = ‘twodash’.</p></li>
</ul>
<p class="rubric">Examples</p>
<div class="jupyter_cell jupyter_container docutils container">
<div class="cell_input code_cell docutils container">
<div class="highlight-ipython3 notranslate"><div class="highlight"><pre><span></span><span class="linenos">1</span><span class="kn">from</span> <span class="nn">lets_plot</span> <span class="kn">import</span> <span class="o">*</span>
<span class="linenos">2</span><span class="n">LetsPlot</span><span class="o">.</span><span class="n">setup_html</span><span class="p">()</span>
<span class="hll"><span class="linenos">3</span><span class="n">ggplot</span><span class="p">()</span> <span class="o">+</span> <span class="n">geom_spoke</span><span class="p">(</span><span class="n">x</span><span class="o">=</span><span class="mi">0</span><span class="p">,</span> <span class="n">y</span><span class="o">=</span><span class="mi">0</span><span class="p">,</span> <span class="n">angle</span><span class="o">=</span><span class="mi">0</span><span class="p">,</span> <span class="n">radius</span><span class="o">=</span><span class="mi">1</span><span class="p">)</span>
</span></pre></div>
</div>
</div>
<div class="cell_output docutils container">
<div class="output text_html">
<div id="ja5VHg"></div>
<script type="text/javascript" data-lets-plot-script="library">
    if(!window.letsPlotCallQueue) {
        window.letsPlotCallQueue = [];
    }; 
    window.letsPlotCall = function(f) {
        window.letsPlotCallQueue.push(f);
    };
    (function() {
        var script = document.createElement("script");
        script.type = "text/javascript";
        script.src = "https://cdn.jsdelivr.net/gh/JetBrains/lets-plot@v4.2.0/js-package/distr/lets-plot.min.js";
        script.onload = function() {
            window.letsPlotCall = function(f) {f();};
            window.letsPlotCallQueue.forEach(function(f) {f();});
            window.letsPlotCallQueue = [];

        };
        script.onerror = function(event) {
            window.letsPlotCall = function(f) {};    // noop
            window.letsPlotCallQueue = [];
            var div = document.createElement("div");
            div.style.color = 'darkred';
            div.textContent = 'Error loading Lets-Plot JS';
            document.getElementById("ja5VHg").appendChild(div);
        };
        var e = document.getElementById("ja5VHg");
        e.appendChild(script);
    })()
</script>
</div><div class="output text_html">   <div id="Qy9B7G"></div>
   <script type="text/javascript" data-lets-plot-script="plot">
       (function() {
           var plotSpec={
"mapping":{
},
"data_meta":{
},
"kind":"plot",
"scales":[],
"layers":[{
"geom":"spoke",
"mapping":{
},
"data_meta":{
},
"x":0.0,
"y":0.0,
"angle":0.0,
"radius":1.0,
"data":{
}
}],
"metainfo_list":[]
};
           var plotContainer = document.getElementById("Qy9B7G");
           window.letsPlotCall(function() {{
               LetsPlot.buildPlotFromProcessedSpecs(plotSpec, -1, -1, plotContainer);
           }});
       })();    
   </script></div></div>
</div>
<div class="line-block">
<div class="line"><br /></div>
</div>
<div class="jupyter_cell jupyter_container docutils container">
<div class="cell_input code_cell docutils container">
<div class="highlight-ipython3 notranslate"><div class="highlight"><pre><span></span><span class="linenos"> 1</span><span class="kn">import</span> <span class="nn">numpy</span> <span class="k">as</span> <span class="nn">np</span>
<span class="linenos"> 2</span><span class="kn">from</span> <span class="nn">lets_plot</span> <span class="kn">import</span> <span class="o">*</span>
<span class="linenos"> 3</span><span class="n">LetsPlot</span><span class="o">.</span><span class="n">setup_html</span><span class="p">()</span>
<span class="linenos"> 4</span><span class="n">n</span> <span class="o">=</span> <span class="mi">21</span>
<span class="linenos"> 5</span><span class="n">a</span><span class="p">,</span> <span class="n">b</span> <span class="o">=</span> <span class="o">-</span><span class="mi">1</span><span class="p">,</span> <span class="mi">1</span>
<span class="linenos"> 6</span><span class="n">d</span> <span class="o">=</span> <span class="p">(</span><span class="n">b</span> <span class="o">-</span> <span class="n">a</span><span class="p">)</span> <span class="o">/</span> <span class="p">(</span><span class="n">n</span> <span class="o">-</span> <span class="mi">1</span><span class="p">)</span>
<span class="linenos"> 7</span><span class="n">space</span> <span class="o">=</span> <span class="n">np</span><span class="o">.</span><span class="n">linspace</span><span class="p">(</span><span class="n">a</span><span class="p">,</span> <span class="n">b</span><span class="p">,</span> <span class="n">n</span><span class="p">)</span>
<span class="linenos"> 8</span><span class="n">X</span><span class="p">,</span> <span class="n">Y</span> <span class="o">=</span> <span class="n">np</span><span class="o">.</span><span class="n">meshgrid</span><span class="p">(</span><span class="n">space</span><span class="p">,</span> <span class="n">space</span><span class="p">)</span>
<span class="linenos"> 9</span><span class="n">Z</span> <span class="o">=</span> <span class="n">X</span><span class="o">**</span><span class="mi">2</span> <span class="o">+</span> <span class="n">Y</span><span class="o">**</span><span class="mi">2</span>
<span class="linenos">10</span><span class="n">dY</span><span class="p">,</span> <span class="n">dX</span> <span class="o">=</span> <span class="n">np</span><span class="o">.</span><span class="n">gradient</span><span class="p">(</span><span class="n">Z</span><span class="p">,</span> <span class="n">d</span><span class="p">)</span>
<span class="linenos">11</span><span class="n">R</span> <span class="o">=</span> <span class="n">np</span><span class="o">.</span><span class="n">sqrt</span><span class="p">(</span><span class="n">dX</span><span class="o">**</span><span class="mi">2</span> <span class="o">+</span> <span class="n">dY</span><span class="o">**</span><span class="mi">2</span><span class="p">)</span>
<span class="linenos">12</span><span class="n">nR</span> <span class="o">=</span> <span class="n">R</span> <span class="o">/</span> <span class="n">R</span><span class="o">.</span><span class="n">max</span><span class="p">()</span> <span class="o">*</span> <span class="n">d</span>
<span class="linenos">13</span><span class="n">A</span> <span class="o">=</span> <span class="n">np</span><span class="o">.</span><span class="n">arctan2</span><span class="p">(</span><span class="n">dY</span><span class="p">,</span> <span class="n">dX</span><span class="p">)</span>
<span class="linenos">14</span><span class="n">data</span> <span class="o">=</span> <span class="nb">dict</span><span class="p">(</span><span class="n">x</span><span class="o">=</span><span class="n">X</span><span class="o">.</span><span class="n">reshape</span><span class="p">(</span><span class="o">-</span><span class="mi">1</span><span class="p">),</span> <span class="n">y</span><span class="o">=</span><span class="n">Y</span><span class="o">.</span><span class="n">reshape</span><span class="p">(</span><span class="o">-</span><span class="mi">1</span><span class="p">),</span> <span class="n">z</span><span class="o">=</span><span class="n">Z</span><span class="o">.</span><span class="n">reshape</span><span class="p">(</span><span class="o">-</span><span class="mi">1</span><span class="p">),</span> <span class="n">r</span><span class="o">=</span><span class="n">nR</span><span class="o">.</span><span class="n">reshape</span><span class="p">(</span><span class="o">-</span><span class="mi">1</span><span class="p">),</span> <span class="n">a</span><span class="o">=</span><span class="n">A</span><span class="o">.</span><span class="n">reshape</span><span class="p">(</span><span class="o">-</span><span class="mi">1</span><span class="p">))</span>
<span class="linenos">15</span><span class="n">ggplot</span><span class="p">(</span><span class="n">data</span><span class="p">,</span> <span class="n">aes</span><span class="p">(</span><span class="s1">&#39;x&#39;</span><span class="p">,</span> <span class="s1">&#39;y&#39;</span><span class="p">,</span> <span class="n">color</span><span class="o">=</span><span class="s1">&#39;z&#39;</span><span class="p">))</span> <span class="o">+</span> \
<span class="linenos">16</span>    <span class="n">geom_point</span><span class="p">(</span><span class="n">size</span><span class="o">=</span><span class="mf">1.5</span><span class="p">)</span> <span class="o">+</span> \
<span class="hll"><span class="linenos">17</span>    <span class="n">geom_spoke</span><span class="p">(</span><span class="n">aes</span><span class="p">(</span><span class="n">angle</span><span class="o">=</span><span class="s1">&#39;a&#39;</span><span class="p">,</span> <span class="n">radius</span><span class="o">=</span><span class="s1">&#39;r&#39;</span><span class="p">))</span> <span class="o">+</span> \
</span><span class="linenos">18</span>    <span class="n">scale_color_gradient</span><span class="p">(</span><span class="n">low</span><span class="o">=</span><span class="s1">&#39;#2c7bb6&#39;</span><span class="p">,</span> <span class="n">high</span><span class="o">=</span><span class="s1">&#39;#d7191c&#39;</span><span class="p">)</span> <span class="o">+</span> \
<span class="linenos">19</span>    <span class="n">coord_fixed</span><span class="p">()</span>
</pre></div>
</div>
</div>
<div class="cell_output docutils container">
<div class="output text_html">
<div id="QnnAZe"></div>
<script type="text/javascript" data-lets-plot-script="library">
    if(!window.letsPlotCallQueue) {
        window.letsPlotCallQueue = [];
    }; 
    window.letsPlotCall = function(f) {
        window.letsPlotCallQueue.push(f);
    };
    (function() {
        var script = document.createElement("script");
        script.type = "text/javascript";
        script.src = "https://cdn.jsdelivr.net/gh/JetBrains/lets-plot@v4.2.0/js-package/distr/lets-plot.min.js";
        script.onload = function() {
            window.letsPlotCall = function(f) {f();};
            window.letsPlotCallQueue.forEach(function(f) {f();});
            window.letsPlotCallQueue = [];

        };
        script.onerror = function(event) {
            window.letsPlotCall = function(f) {};    // noop
            window.letsPlotCallQueue = [];
            var div = document.createElement("div");
            div.style.color = 'darkred';
            div.textContent = 'Error loading Lets-Plot JS';
            document.getElementById("QnnAZe").appendChild(div);
        };
        var e = document.getElementById("QnnAZe");
        e.appendChild(script);
    })()
</script>
</div><div class="output text_html">   <div id="e7nejN"></div>
   <script type="text/javascript" data-lets-plot-script="plot">
       (function() {
           var plotSpec={
"data":{
"x":[-1.0,-0.9,-0.8,-0.7,-0.6,-0.5,-0.3999999999999999,-0.29999999999999993,-0.19999999999999996,-0.09999999999999998,0.0,0.10000000000000009,0.20000000000000018,0.30000000000000004,0.40000000000000013,0.5,0.6000000000000001,0.7000000000000002,0.8,0.9000000000000001,1.0,-1.0,-0.9,-0.8,-0.7,-0.6,-0.5,-0.3999999999999999,-0.29999999999999993,-0.19999999999999996,-0.09999999999999998,0.0,0.10000000000000009,0.20000000000000018,0.30000000000000004,0.40000000000000013,0.5,0.6000000000000001,0.7000000000000002,0.8,0.9000000000000001,1.0,-1.0,-0.9,-0.8,-0.7,-0.6,-0.5,-0.3999999999999999,-0.29999999999999993,-0.19999999999999996,-0.09999999999999998,0.0,0.10000000000000009,0.20000000000000018,0.30000000000000004,0.40000000000000013,0.5,0.6000000000000001,0.7000000000000002,0.8,0.9000000000000001,1.0,-1.0,-0.9,-0.8,-0.7,-0.6,-0.5,-0.3999999999999999,-0.29999999999999993,-0.19999999999999996,-0.09999999999999998,0.0,0.10000000000000009,0.20000000000000018,0.30000000000000004,0.40000000000000013,0.5,0.6000000000000001,0.7000000000000002,0.8,0.9000000000000001,1.0,-1.0,-0.9,-0.8,-0.7,-0.6,-0.5,-0.3999999999999999,-0.29999999999999993,-0.19999999999999996,-0.09999999999999998,0.0,0.10000000000000009,0.20000000000000018,0.30000000000000004,0.40000000000000013,0.5,0.6000000000000001,0.7000000000000002,0.8,0.9000000000000001,1.0,-1.0,-0.9,-0.8,-0.7,-0.6,-0.5,-0.3999999999999999,-0.29999999999999993,-0.19999999999999996,-0.09999999999999998,0.0,0.10000000000000009,0.20000000000000018,0.30000000000000004,0.40000000000000013,0.5,0.6000000000000001,0.7000000000000002,0.8,0.9000000000000001,1.0,-1.0,-0.9,-0.8,-0.7,-0.6,-0.5,-0.3999999999999999,-0.29999999999999993,-0.19999999999999996,-0.09999999999999998,0.0,0.10000000000000009,0.20000000000000018,0.30000000000000004,0.40000000000000013,0.5,0.6000000000000001,0.7000000000000002,0.8,0.9000000000000001,1.0,-1.0,-0.9,-0.8,-0.7,-0.6,-0.5,-0.3999999999999999,-0.29999999999999993,-0.19999999999999996,-0.09999999999999998,0.0,0.10000000000000009,0.20000000000000018,0.30000000000000004,0.40000000000000013,0.5,0.6000000000000001,0.7000000000000002,0.8,0.9000000000000001,1.0,-1.0,-0.9,-0.8,-0.7,-0.6,-0.5,-0.3999999999999999,-0.29999999999999993,-0.19999999999999996,-0.09999999999999998,0.0,0.10000000000000009,0.20000000000000018,0.30000000000000004,0.40000000000000013,0.5,0.6000000000000001,0.7000000000000002,0.8,0.9000000000000001,1.0,-1.0,-0.9,-0.8,-0.7,-0.6,-0.5,-0.3999999999999999,-0.29999999999999993,-0.19999999999999996,-0.09999999999999998,0.0,0.10000000000000009,0.20000000000000018,0.30000000000000004,0.40000000000000013,0.5,0.6000000000000001,0.7000000000000002,0.8,0.9000000000000001,1.0,-1.0,-0.9,-0.8,-0.7,-0.6,-0.5,-0.3999999999999999,-0.29999999999999993,-0.19999999999999996,-0.09999999999999998,0.0,0.10000000000000009,0.20000000000000018,0.30000000000000004,0.40000000000000013,0.5,0.6000000000000001,0.7000000000000002,0.8,0.9000000000000001,1.0,-1.0,-0.9,-0.8,-0.7,-0.6,-0.5,-0.3999999999999999,-0.29999999999999993,-0.19999999999999996,-0.09999999999999998,0.0,0.10000000000000009,0.20000000000000018,0.30000000000000004,0.40000000000000013,0.5,0.6000000000000001,0.7000000000000002,0.8,0.9000000000000001,1.0,-1.0,-0.9,-0.8,-0.7,-0.6,-0.5,-0.3999999999999999,-0.29999999999999993,-0.19999999999999996,-0.09999999999999998,0.0,0.10000000000000009,0.20000000000000018,0.30000000000000004,0.40000000000000013,0.5,0.6000000000000001,0.7000000000000002,0.8,0.9000000000000001,1.0,-1.0,-0.9,-0.8,-0.7,-0.6,-0.5,-0.3999999999999999,-0.29999999999999993,-0.19999999999999996,-0.09999999999999998,0.0,0.10000000000000009,0.20000000000000018,0.30000000000000004,0.40000000000000013,0.5,0.6000000000000001,0.7000000000000002,0.8,0.9000000000000001,1.0,-1.0,-0.9,-0.8,-0.7,-0.6,-0.5,-0.3999999999999999,-0.29999999999999993,-0.19999999999999996,-0.09999999999999998,0.0,0.10000000000000009,0.20000000000000018,0.30000000000000004,0.40000000000000013,0.5,0.6000000000000001,0.7000000000000002,0.8,0.9000000000000001,1.0,-1.0,-0.9,-0.8,-0.7,-0.6,-0.5,-0.3999999999999999,-0.29999999999999993,-0.19999999999999996,-0.09999999999999998,0.0,0.10000000000000009,0.20000000000000018,0.30000000000000004,0.40000000000000013,0.5,0.6000000000000001,0.7000000000000002,0.8,0.9000000000000001,1.0,-1.0,-0.9,-0.8,-0.7,-0.6,-0.5,-0.3999999999999999,-0.29999999999999993,-0.19999999999999996,-0.09999999999999998,0.0,0.10000000000000009,0.20000000000000018,0.30000000000000004,0.40000000000000013,0.5,0.6000000000000001,0.7000000000000002,0.8,0.9000000000000001,1.0,-1.0,-0.9,-0.8,-0.7,-0.6,-0.5,-0.3999999999999999,-0.29999999999999993,-0.19999999999999996,-0.09999999999999998,0.0,0.10000000000000009,0.20000000000000018,0.30000000000000004,0.40000000000000013,0.5,0.6000000000000001,0.7000000000000002,0.8,0.9000000000000001,1.0,-1.0,-0.9,-0.8,-0.7,-0.6,-0.5,-0.3999999999999999,-0.29999999999999993,-0.19999999999999996,-0.09999999999999998,0.0,0.10000000000000009,0.20000000000000018,0.30000000000000004,0.40000000000000013,0.5,0.6000000000000001,0.7000000000000002,0.8,0.9000000000000001,1.0,-1.0,-0.9,-0.8,-0.7,-0.6,-0.5,-0.3999999999999999,-0.29999999999999993,-0.19999999999999996,-0.09999999999999998,0.0,0.10000000000000009,0.20000000000000018,0.30000000000000004,0.40000000000000013,0.5,0.6000000000000001,0.7000000000000002,0.8,0.9000000000000001,1.0,-1.0,-0.9,-0.8,-0.7,-0.6,-0.5,-0.3999999999999999,-0.29999999999999993,-0.19999999999999996,-0.09999999999999998,0.0,0.10000000000000009,0.20000000000000018,0.30000000000000004,0.40000000000000013,0.5,0.6000000000000001,0.7000000000000002,0.8,0.9000000000000001,1.0],
"y":[-1.0,-1.0,-1.0,-1.0,-1.0,-1.0,-1.0,-1.0,-1.0,-1.0,-1.0,-1.0,-1.0,-1.0,-1.0,-1.0,-1.0,-1.0,-1.0,-1.0,-1.0,-0.9,-0.9,-0.9,-0.9,-0.9,-0.9,-0.9,-0.9,-0.9,-0.9,-0.9,-0.9,-0.9,-0.9,-0.9,-0.9,-0.9,-0.9,-0.9,-0.9,-0.9,-0.8,-0.8,-0.8,-0.8,-0.8,-0.8,-0.8,-0.8,-0.8,-0.8,-0.8,-0.8,-0.8,-0.8,-0.8,-0.8,-0.8,-0.8,-0.8,-0.8,-0.8,-0.7,-0.7,-0.7,-0.7,-0.7,-0.7,-0.7,-0.7,-0.7,-0.7,-0.7,-0.7,-0.7,-0.7,-0.7,-0.7,-0.7,-0.7,-0.7,-0.7,-0.7,-0.6,-0.6,-0.6,-0.6,-0.6,-0.6,-0.6,-0.6,-0.6,-0.6,-0.6,-0.6,-0.6,-0.6,-0.6,-0.6,-0.6,-0.6,-0.6,-0.6,-0.6,-0.5,-0.5,-0.5,-0.5,-0.5,-0.5,-0.5,-0.5,-0.5,-0.5,-0.5,-0.5,-0.5,-0.5,-0.5,-0.5,-0.5,-0.5,-0.5,-0.5,-0.5,-0.3999999999999999,-0.3999999999999999,-0.3999999999999999,-0.3999999999999999,-0.3999999999999999,-0.3999999999999999,-0.3999999999999999,-0.3999999999999999,-0.3999999999999999,-0.3999999999999999,-0.3999999999999999,-0.3999999999999999,-0.3999999999999999,-0.3999999999999999,-0.3999999999999999,-0.3999999999999999,-0.3999999999999999,-0.3999999999999999,-0.3999999999999999,-0.3999999999999999,-0.3999999999999999,-0.29999999999999993,-0.29999999999999993,-0.29999999999999993,-0.29999999999999993,-0.29999999999999993,-0.29999999999999993,-0.29999999999999993,-0.29999999999999993,-0.29999999999999993,-0.29999999999999993,-0.29999999999999993,-0.29999999999999993,-0.29999999999999993,-0.29999999999999993,-0.29999999999999993,-0.29999999999999993,-0.29999999999999993,-0.29999999999999993,-0.29999999999999993,-0.29999999999999993,-0.29999999999999993,-0.19999999999999996,-0.19999999999999996,-0.19999999999999996,-0.19999999999999996,-0.19999999999999996,-0.19999999999999996,-0.19999999999999996,-0.19999999999999996,-0.19999999999999996,-0.19999999999999996,-0.19999999999999996,-0.19999999999999996,-0.19999999999999996,-0.19999999999999996,-0.19999999999999996,-0.19999999999999996,-0.19999999999999996,-0.19999999999999996,-0.19999999999999996,-0.19999999999999996,-0.19999999999999996,-0.09999999999999998,-0.09999999999999998,-0.09999999999999998,-0.09999999999999998,-0.09999999999999998,-0.09999999999999998,-0.09999999999999998,-0.09999999999999998,-0.09999999999999998,-0.09999999999999998,-0.09999999999999998,-0.09999999999999998,-0.09999999999999998,-0.09999999999999998,-0.09999999999999998,-0.09999999999999998,-0.09999999999999998,-0.09999999999999998,-0.09999999999999998,-0.09999999999999998,-0.09999999999999998,0.0,0.0,0.0,0.0,0.0,0.0,0.0,0.0,0.0,0.0,0.0,0.0,0.0,0.0,0.0,0.0,0.0,0.0,0.0,0.0,0.0,0.10000000000000009,0.10000000000000009,0.10000000000000009,0.10000000000000009,0.10000000000000009,0.10000000000000009,0.10000000000000009,0.10000000000000009,0.10000000000000009,0.10000000000000009,0.10000000000000009,0.10000000000000009,0.10000000000000009,0.10000000000000009,0.10000000000000009,0.10000000000000009,0.10000000000000009,0.10000000000000009,0.10000000000000009,0.10000000000000009,0.10000000000000009,0.20000000000000018,0.20000000000000018,0.20000000000000018,0.20000000000000018,0.20000000000000018,0.20000000000000018,0.20000000000000018,0.20000000000000018,0.20000000000000018,0.20000000000000018,0.20000000000000018,0.20000000000000018,0.20000000000000018,0.20000000000000018,0.20000000000000018,0.20000000000000018,0.20000000000000018,0.20000000000000018,0.20000000000000018,0.20000000000000018,0.20000000000000018,0.30000000000000004,0.30000000000000004,0.30000000000000004,0.30000000000000004,0.30000000000000004,0.30000000000000004,0.30000000000000004,0.30000000000000004,0.30000000000000004,0.30000000000000004,0.30000000000000004,0.30000000000000004,0.30000000000000004,0.30000000000000004,0.30000000000000004,0.30000000000000004,0.30000000000000004,0.30000000000000004,0.30000000000000004,0.30000000000000004,0.30000000000000004,0.40000000000000013,0.40000000000000013,0.40000000000000013,0.40000000000000013,0.40000000000000013,0.40000000000000013,0.40000000000000013,0.40000000000000013,0.40000000000000013,0.40000000000000013,0.40000000000000013,0.40000000000000013,0.40000000000000013,0.40000000000000013,0.40000000000000013,0.40000000000000013,0.40000000000000013,0.40000000000000013,0.40000000000000013,0.40000000000000013,0.40000000000000013,0.5,0.5,0.5,0.5,0.5,0.5,0.5,0.5,0.5,0.5,0.5,0.5,0.5,0.5,0.5,0.5,0.5,0.5,0.5,0.5,0.5,0.6000000000000001,0.6000000000000001,0.6000000000000001,0.6000000000000001,0.6000000000000001,0.6000000000000001,0.6000000000000001,0.6000000000000001,0.6000000000000001,0.6000000000000001,0.6000000000000001,0.6000000000000001,0.6000000000000001,0.6000000000000001,0.6000000000000001,0.6000000000000001,0.6000000000000001,0.6000000000000001,0.6000000000000001,0.6000000000000001,0.6000000000000001,0.7000000000000002,0.7000000000000002,0.7000000000000002,0.7000000000000002,0.7000000000000002,0.7000000000000002,0.7000000000000002,0.7000000000000002,0.7000000000000002,0.7000000000000002,0.7000000000000002,0.7000000000000002,0.7000000000000002,0.7000000000000002,0.7000000000000002,0.7000000000000002,0.7000000000000002,0.7000000000000002,0.7000000000000002,0.7000000000000002,0.7000000000000002,0.8,0.8,0.8,0.8,0.8,0.8,0.8,0.8,0.8,0.8,0.8,0.8,0.8,0.8,0.8,0.8,0.8,0.8,0.8,0.8,0.8,0.9000000000000001,0.9000000000000001,0.9000000000000001,0.9000000000000001,0.9000000000000001,0.9000000000000001,0.9000000000000001,0.9000000000000001,0.9000000000000001,0.9000000000000001,0.9000000000000001,0.9000000000000001,0.9000000000000001,0.9000000000000001,0.9000000000000001,0.9000000000000001,0.9000000000000001,0.9000000000000001,0.9000000000000001,0.9000000000000001,0.9000000000000001,1.0,1.0,1.0,1.0,1.0,1.0,1.0,1.0,1.0,1.0,1.0,1.0,1.0,1.0,1.0,1.0,1.0,1.0,1.0,1.0,1.0],
"z":[2.0,1.81,1.6400000000000001,1.49,1.3599999999999999,1.25,1.16,1.0899999999999999,1.04,1.01,1.0,1.01,1.04,1.09,1.1600000000000001,1.25,1.36,1.4900000000000002,1.6400000000000001,1.8100000000000003,2.0,1.81,1.62,1.4500000000000002,1.3,1.17,1.06,0.97,0.9,0.8500000000000001,0.8200000000000001,0.81,0.8200000000000001,0.8500000000000001,0.9000000000000001,0.9700000000000002,1.06,1.1700000000000002,1.3000000000000003,1.4500000000000002,1.6200000000000003,1.81,1.6400000000000001,1.4500000000000002,1.2800000000000002,1.1300000000000001,1.0,0.8900000000000001,0.8,0.7300000000000001,0.6800000000000002,0.6500000000000001,0.6400000000000001,0.6500000000000001,0.6800000000000002,0.7300000000000002,0.8000000000000003,0.8900000000000001,1.0000000000000002,1.1300000000000003,1.2800000000000002,1.4500000000000004,1.6400000000000001,1.49,1.3,1.1300000000000001,0.9799999999999999,0.8499999999999999,0.74,0.6499999999999999,0.5799999999999998,0.5299999999999999,0.49999999999999994,0.48999999999999994,0.49999999999999994,0.53,0.58,0.65,0.74,0.8500000000000001,0.9800000000000002,1.1300000000000001,1.3000000000000003,1.49,1.3599999999999999,1.17,1.0,0.8499999999999999,0.72,0.61,0.5199999999999999,0.44999999999999996,0.39999999999999997,0.37,0.36,0.37,0.4000000000000001,0.45,0.5200000000000001,0.61,0.7200000000000001,0.8500000000000003,1.0,1.1700000000000004,1.3599999999999999,1.25,1.06,0.8900000000000001,0.74,0.61,0.5,0.4099999999999999,0.33999999999999997,0.29,0.26,0.25,0.26,0.2900000000000001,0.34,0.41000000000000014,0.5,0.6100000000000001,0.7400000000000002,0.8900000000000001,1.0600000000000003,1.25,1.16,0.97,0.8,0.6499999999999999,0.5199999999999999,0.4099999999999999,0.31999999999999984,0.2499999999999999,0.1999999999999999,0.16999999999999993,0.15999999999999992,0.16999999999999993,0.19999999999999998,0.24999999999999994,0.32000000000000006,0.4099999999999999,0.52,0.6500000000000001,0.8,0.9700000000000002,1.16,1.0899999999999999,0.9,0.7300000000000001,0.5799999999999998,0.44999999999999996,0.33999999999999997,0.2499999999999999,0.1799999999999999,0.12999999999999995,0.09999999999999995,0.08999999999999996,0.09999999999999998,0.13000000000000003,0.18,0.25000000000000006,0.33999999999999997,0.45000000000000007,0.5800000000000002,0.7300000000000001,0.9000000000000002,1.0899999999999999,1.04,0.8500000000000001,0.6800000000000002,0.5299999999999999,0.39999999999999997,0.29,0.1999999999999999,0.12999999999999995,0.07999999999999996,0.049999999999999975,0.03999999999999998,0.049999999999999996,0.08000000000000004,0.13,0.2000000000000001,0.29,0.4000000000000001,0.5300000000000002,0.6800000000000002,0.8500000000000003,1.04,1.01,0.8200000000000001,0.6500000000000001,0.49999999999999994,0.37,0.26,0.16999999999999993,0.09999999999999995,0.049999999999999975,0.01999999999999999,0.009999999999999995,0.02000000000000001,0.050000000000000065,0.10000000000000002,0.1700000000000001,0.26,0.3700000000000001,0.5000000000000002,0.6500000000000001,0.8200000000000003,1.01,1.0,0.81,0.6400000000000001,0.48999999999999994,0.36,0.25,0.15999999999999992,0.08999999999999996,0.03999999999999998,0.009999999999999995,0.0,0.010000000000000018,0.04000000000000007,0.09000000000000002,0.16000000000000011,0.25,0.3600000000000001,0.49000000000000027,0.6400000000000001,0.8100000000000003,1.0,1.01,0.8200000000000001,0.6500000000000001,0.49999999999999994,0.37,0.26,0.16999999999999993,0.09999999999999998,0.049999999999999996,0.02000000000000001,0.010000000000000018,0.020000000000000035,0.050000000000000086,0.10000000000000005,0.17000000000000012,0.26,0.3700000000000001,0.5000000000000003,0.6500000000000001,0.8200000000000003,1.01,1.04,0.8500000000000001,0.6800000000000002,0.53,0.4000000000000001,0.2900000000000001,0.19999999999999998,0.13000000000000003,0.08000000000000004,0.050000000000000065,0.04000000000000007,0.050000000000000086,0.08000000000000014,0.1300000000000001,0.20000000000000018,0.2900000000000001,0.4000000000000002,0.5300000000000004,0.6800000000000002,0.8500000000000003,1.04,1.09,0.9000000000000001,0.7300000000000002,0.58,0.45,0.34,0.24999999999999994,0.18,0.13,0.10000000000000002,0.09000000000000002,0.10000000000000005,0.1300000000000001,0.18000000000000005,0.2500000000000001,0.34,0.4500000000000001,0.5800000000000003,0.7300000000000002,0.9000000000000004,1.09,1.1600000000000001,0.9700000000000002,0.8000000000000003,0.65,0.5200000000000001,0.41000000000000014,0.32000000000000006,0.25000000000000006,0.2000000000000001,0.1700000000000001,0.16000000000000011,0.17000000000000012,0.20000000000000018,0.2500000000000001,0.32000000000000023,0.41000000000000014,0.5200000000000002,0.6500000000000004,0.8000000000000003,0.9700000000000004,1.1600000000000001,1.25,1.06,0.8900000000000001,0.74,0.61,0.5,0.4099999999999999,0.33999999999999997,0.29,0.26,0.25,0.26,0.2900000000000001,0.34,0.41000000000000014,0.5,0.6100000000000001,0.7400000000000002,0.8900000000000001,1.0600000000000003,1.25,1.36,1.1700000000000002,1.0000000000000002,0.8500000000000001,0.7200000000000001,0.6100000000000001,0.52,0.45000000000000007,0.4000000000000001,0.3700000000000001,0.3600000000000001,0.3700000000000001,0.4000000000000002,0.4500000000000001,0.5200000000000002,0.6100000000000001,0.7200000000000002,0.8500000000000003,1.0000000000000002,1.1700000000000004,1.36,1.4900000000000002,1.3000000000000003,1.1300000000000003,0.9800000000000002,0.8500000000000003,0.7400000000000002,0.6500000000000001,0.5800000000000002,0.5300000000000002,0.5000000000000002,0.49000000000000027,0.5000000000000003,0.5300000000000004,0.5800000000000003,0.6500000000000004,0.7400000000000002,0.8500000000000003,0.9800000000000005,1.1300000000000003,1.3000000000000005,1.4900000000000002,1.6400000000000001,1.4500000000000002,1.2800000000000002,1.1300000000000001,1.0,0.8900000000000001,0.8,0.7300000000000001,0.6800000000000002,0.6500000000000001,0.6400000000000001,0.6500000000000001,0.6800000000000002,0.7300000000000002,0.8000000000000003,0.8900000000000001,1.0000000000000002,1.1300000000000003,1.2800000000000002,1.4500000000000004,1.6400000000000001,1.8100000000000003,1.6200000000000003,1.4500000000000004,1.3000000000000003,1.1700000000000004,1.0600000000000003,0.9700000000000002,0.9000000000000002,0.8500000000000003,0.8200000000000003,0.8100000000000003,0.8200000000000003,0.8500000000000003,0.9000000000000004,0.9700000000000004,1.0600000000000003,1.1700000000000004,1.3000000000000005,1.4500000000000004,1.6200000000000006,1.8100000000000003,2.0,1.81,1.6400000000000001,1.49,1.3599999999999999,1.25,1.16,1.0899999999999999,1.04,1.01,1.0,1.01,1.04,1.09,1.1600000000000001,1.25,1.36,1.4900000000000002,1.6400000000000001,1.8100000000000003,2.0],
